1 1.2770216969728112
2 1.286525071556162
3 1.2851733880815057
4 1.3098479655615927
5 1.3134801816678472
6 1.318320825906145
7 1.3438618671520368
8 1.3820255525381768
9 1.3987494585032363
10 1.390967458601285
11 1.3437278540895923
12 1.284713584643119
13 1.3543865136940156
14 1.3924000120274165
15 1.4371072317729159
16 1.4225645039276436
17 1.4051543586600665
18 1.4069496715828154
19 1.3931809847016619
20 1.3649227130862054
21 1.3414842905786672
22 1.3254905247469273
23 1.3091132042881894
24 1.2954045922281323
25 1.1960500804158167
26 1.2595491663140974
27 1.316615625215041
28 1.3962332477273376
29 1.4497945718743446
30 1.4794622912155102
31 1.506971938137311
32 1.5331969081156787
33 1.5857669977146047
34 1.6670551623673733
35 1.7734915713588695
36 1.8767370831221606
37 1.4347643137501793
38 1.4506818307705294
39 1.4596422213939746
40 1.4468301105102703
41 1.4187012308171738
42 1.376394693345465
43 1.3296033394219484
44 1.2837061761047426
45 1.2344794813568036
46 1.179822947009819
47 1.1258642048155634
48 1.074410120546994
49 0.7007932553018862
50 0.7104398852278497
51 0.7228083666634618
52 0.7247330715085705
53 0.730518738894106
54 0.7229031000351895
55 0.6946124804391438
56 0.6544986739374316
57 0.6034281442958591
58 0.5547190172373608
59 0.5150211133432355
60 0.4862036837775794
