1 0.2946108796322042
2 0.3061119694279816
3 0.3139713314326219
4 0.3286847750004942
5 0.3445727496151646
6 0.35796740155312123
7 0.37559672635613006
8 0.4074408301916683
9 0.4469625504153214
10 0.487057905241134
11 0.5308699579249003
12 0.5371844821890709
13 0.4527284300996042
14 0.4425325010125033
15 0.4348969132982101
16 0.4286482718200302
17 0.42411485459781284
18 0.4208786467135497
19 0.4197961243851176
20 0.4208036766467327
21 0.42284945074275204
22 0.42378316884765344
23 0.42051288366029127
24 0.4125762797686273
25 0.3156695170370356
26 0.32634707200793023
27 0.33916468161341695
28 0.36049820926324383
29 0.3827790859392116
30 0.4048100623924564
31 0.43083603467896014
32 0.45830234097643174
33 0.48436807011655103
34 0.5079984079952233
35 0.5268795057320542
36 0.5394222250925456
37 0.39905781362941295
38 0.3781866013916235
39 0.3589749538147363
40 0.3412104557094362
41 0.32598585259508495
42 0.3124548914447344
43 0.3002438578344029
44 0.2902410334648602
45 0.28304390705043614
46 0.28003828891713956
47 0.27756086898187127
48 0.2783048900995242
49 0.3125116869498985
50 0.3201472746641916
51 0.32411273683476516
52 0.3163715094808668
53 0.3101978380695034
54 0.3058495741941226
55 0.30082430789718206
56 0.2983446161417074
57 0.29959752498563264
58 0.3024384361539523
59 0.30123891508488176
60 0.29963728183924754
