128 15
129 15
131 15
132 15
94 7 15
95 11 12 15
96 15
97 4 15
99 15
100 15
101 15
103 15
104 15
106 11 15
107 15
108 4 11 15
111 4 15
113 15
114 15
115 15
116 15
117 15
120 11 15
122 15
123 15
125 4
126 4 15
127 15
0 104 15 49
0 120 11 28
0 129 15 25
0 94 7 17
0 114 15 10
0 97 15 18
0 108 4 10
0 123 15 10
0 115 15 10
0 116 15 46
0 122 15 11
0 113 15 36
0 100 15 12
0 126 15 12
0 125 4 13
0 103 15 14
0 108 11 13
0 126 4 10
0 128 15 10
0 106 11 10
0 120 15 52
0 111 15 25
0 95 11 20
0 99 15 11
0 127 15 43
0 95 12 10
0 108 15 20
0 132 15 10
0 95 15 10
0 97 4 10
0 101 15 10
0 96 15 10
0 106 15 10
0 94 15 45
0 131 15 25
0 107 15 10
0 111 4 45
0 117 15 54
