128 15
129 15
130 15
131 15
133 15
94 15
96 15
97 15
98 4 15
99 15
100 7 15
101 4 15
102 11 15
105 11 15
106 15
109 4 15
110 9 8 12
111 8 9 12
113 15
114 12
116 5 15
117 12
118 15
119 15
121 11 15
122 15
124 12
125 15
0 114 12 18
0 109 15 10
0 100 15 34
0 98 4 38
0 129 15 10
0 100 7 26
0 118 15 53
0 130 15 10
0 110 9 10
0 117 12 54
0 99 15 20
0 133 15 28
0 102 11 36
0 116 15 14
0 94 15 11
0 113 15 41
0 124 12 50
0 121 11 41
0 110 12 18
0 116 5 17
0 97 15 46
0 111 8 25
0 119 15 40
0 125 15 10
0 121 15 53
0 106 15 10
0 105 11 23
0 102 15 35
0 101 4 18
0 111 12 53
0 98 15 10
0 109 4 18
0 131 15 26
0 101 15 10
0 96 15 19
0 105 15 24
0 128 15 10
0 122 15 10
