128 15
130 12 15
131 15
132 6 12 15
133 12 15
94 11 15
95 15
96 4 15
97 15
99 15
100 6 15
102 15
103 4 15
105 15
107 4 15
108 12 15
109 8 9 11 15
110 15
111 12 15
112 15
113 15
114 11 15
117 15
118 15
119 15
123 4 15
125 15
126 15
127 12 15
0 123 4 19
0 127 15 10
0 108 12 10
0 126 15 34
0 123 15 37
0 103 4 31
0 100 6 50
0 111 15 46
0 109 11 21
0 132 15 10
0 108 15 10
0 111 12 33
0 131 15 10
0 100 15 10
0 94 11 10
0 114 15 34
0 113 15 10
0 103 15 36
0 109 8 10
0 110 15 43
0 105 15 10
0 96 15 35
0 112 15 10
0 107 4 48
0 125 15 51
0 128 15 44
0 99 15 54
0 114 11 45
0 130 12 36
0 133 15 19
0 132 12 37
0 94 15 10
0 96 4 48
0 95 15 24
0 133 12 52
0 118 15 28
0 119 15 34
0 130 15 21
0 117 15 38
0 127 12 47
0 132 6 10
0 97 15 51
0 107 15 42
0 109 15 42
0 102 15 10
