128 11 15
130 12 15
131 15
132 15
133 7 15
94 3 2 1 15
96 12 15
98 12
100 11
101 15
102 15
104 15
105 15
106 15
108 11
109 4
110 4
111 8 9
112 15
113 11
115 15
116 15
117 15
118 4 12 15
119 11
120 12 15
123 15
124 11 15
127 15
0 120 12 27
0 98 12 54
0 119 11 10
0 118 4 21
0 104 15 33
0 130 12 20
0 110 4 21
0 105 15 49
0 96 12 49
0 132 15 23
0 133 15 10
0 109 4 43
0 94 3 33
0 124 15 51
0 113 11 50
0 127 15 10
0 96 15 37
0 124 11 50
0 115 15 26
0 100 11 31
0 108 11 26
0 102 15 33
0 106 15 10
0 131 15 48
0 120 15 27
0 111 8 52
0 123 15 41
0 128 15 10
0 130 15 34
0 118 12 51
0 133 7 26
0 94 15 45
0 128 11 36
0 116 15 38
0 118 15 24
0 117 15 54
0 101 15 10
0 112 15 49
