129 15
130 15
131 15
133 15
94 4 11
95 12 15
96 15
97 15
98 11 15
99 15
100 15
101 3 2 1
102 15
103 15
104 15
105 15
106 11 15
107 12
111 15
112 4 15
113 15
114 15
115 15
117 12 15
118 15
119 11
121 15
122 11
123 15
124 12
125 11 12 15
127 11
0 106 11 32
0 105 15 10
0 119 11 47
0 94 11 29
0 114 15 53
0 95 12 55
0 130 15 37
0 122 11 10
0 118 15 10
0 104 15 53
0 112 15 13
0 112 4 10
0 133 15 41
0 125 15 11
0 115 15 11
0 113 15 19
0 124 12 52
0 111 15 10
0 125 12 53
0 100 15 38
0 95 15 45
0 94 4 45
0 96 15 47
0 125 11 45
0 117 12 34
0 99 15 17
0 123 15 10
0 98 15 24
0 103 15 52
0 98 11 53
0 102 15 10
0 127 11 10
0 106 15 37
0 129 15 41
0 131 15 21
0 97 15 26
0 107 12 10
0 101 3 22
0 117 15 10
0 121 15 52
