128 11 15
129 15
130 15
131 15
134 15
135 15
136 4 11
137 12 15
138 7 15
139 15
140 4 15
81 15
84 12 15
85 12 15
86 11 15
87 11
88 15
89 12 15
90 15
92 11 12 15
93 15
95 15
96 15
97 11 15
98 4 12 15
99 12 15
102 15
103 15
104 15
105 15
106 15
107 15
108 15
109 15
110 12 15
111 6 15
112 11 15
113 13 15
115 11
117 15
118 15
119 11
120 15
121 15
122 15
123 4 15
124 6
125 15
126 15
127 15
0 107 15 27
0 126 15 34
0 138 7 41
0 140 4 30
0 97 11 42
0 96 15 28
0 98 4 45
0 137 15 45
0 122 15 53
0 140 15 38
0 93 15 13
0 129 15 18
0 89 12 12
0 125 15 26
0 88 15 14
0 95 15 10
0 112 11 24
0 123 4 52
0 97 15 28
0 92 12 17
0 131 15 31
0 138 15 36
0 113 13 10
0 110 15 32
0 120 15 25
0 85 12 32
0 110 12 17
0 115 11 18
0 136 11 18
0 92 11 10
0 89 15 51
0 105 15 17
0 106 15 40
0 85 15 48
0 119 11 19
0 139 15 52
0 124 6 15
0 92 15 25
0 127 15 13
0 118 15 10
0 135 15 46
0 130 15 54
0 134 15 10
0 121 15 45
0 98 15 19
0 113 15 26
0 108 15 48
0 109 15 36
0 99 12 12
0 136 4 55
0 117 15 34
0 128 11 28
0 84 12 10
0 81 15 36
0 98 12 40
0 111 6 10
0 103 15 37
0 137 12 19
0 123 15 44
0 128 15 10
0 99 15 10
0 90 15 15
0 86 11 11
0 84 15 11
0 86 15 10
0 112 15 23
0 102 15 10
0 104 15 13
0 87 11 51
0 111 15 10
