128 15
130 15
131 12 15
132 12
133 12 15
134 15
135 15
138 5 13 15
139 15
140 15
81 15
85 15
86 4 15
87 15
88 15
90 4 15
91 15
94 15
97 12
98 15
99 5 15
100 15
101 15
102 15
103 15
104 6
105 12
106 15
107 9 8
108 12
110 11
112 15
114 11 15
115 15
116 12 15
117 12 15
118 15
119 12 15
120 4 12 15
122 12 15
123 12
124 15
125 15
0 122 12 34
0 86 15 13
0 110 11 34
0 138 15 10
0 131 15 46
0 139 15 21
0 134 15 12
0 135 15 43
0 119 12 51
0 108 12 10
0 120 15 52
0 104 6 46
0 123 12 13
0 115 15 43
0 122 15 10
0 138 5 18
0 114 11 27
0 106 15 10
0 133 12 18
0 90 4 35
0 103 15 45
0 140 15 53
0 124 15 11
0 97 12 51
0 85 15 10
0 138 13 42
0 117 12 54
0 88 15 10
0 91 15 41
0 120 12 30
0 131 12 10
0 87 15 19
0 98 15 53
0 100 15 10
0 133 15 10
0 99 15 45
0 112 15 45
0 105 12 13
0 116 15 43
0 128 15 49
0 132 12 10
0 81 15 46
0 117 15 10
0 86 4 54
0 102 15 41
0 116 12 39
0 94 15 53
0 107 9 17
0 120 4 35
0 101 15 19
0 125 15 31
0 118 15 50
0 130 15 33
0 99 5 25
0 119 15 13
0 90 15 10
0 114 15 28
