128 6 15
129 12
130 12 15
131 12 15
132 15
134 12
136 15
137 11 15
138 15
139 15
140 15
83 7 12 15
84 15
85 11 15
88 7 11 15
89 15
90 15
91 15
92 15
95 4 11 15
96 15
97 11 15
98 11 15
100 15
101 15
102 4 11 15
103 15
104 15
105 11 15
106 15
107 12 15
108 15
109 11 15
110 4 11 15
111 15
112 15
113 6 11 15
114 11 15
115 6 12 15
116 15
117 15
118 11 15
119 15
120 15
122 15
123 15
124 15
126 15
127 15
0 110 11 37
0 113 11 25
0 130 12 41
0 95 4 22
0 109 15 20
0 91 15 41
0 102 4 29
0 128 15 38
0 98 11 10
0 90 15 29
0 83 12 54
0 136 15 31
0 88 15 10
0 95 15 17
0 100 15 11
0 126 15 34
0 108 15 29
0 122 15 26
0 110 4 19
0 105 15 35
0 128 6 33
0 130 15 10
0 85 11 29
0 102 11 45
0 115 6 10
0 138 15 10
0 97 15 33
0 107 12 22
0 120 15 48
0 109 11 10
0 88 7 10
0 123 15 47
0 96 15 41
0 137 11 54
0 83 15 42
0 107 15 11
0 114 15 49
0 95 11 53
0 101 15 10
0 119 15 21
0 131 15 45
0 137 15 14
0 111 15 17
0 117 15 10
0 118 11 20
0 88 11 54
0 115 12 10
0 112 15 40
0 103 15 10
0 115 15 55
0 140 15 25
0 85 15 46
0 113 6 10
0 110 15 34
0 114 11 10
0 84 15 10
0 92 15 19
0 131 12 10
0 106 15 42
0 127 15 46
0 134 12 43
0 97 11 20
0 98 15 51
0 124 15 37
0 113 15 53
0 118 15 50
0 116 15 15
0 129 12 45
0 102 15 10
0 105 11 10
0 139 15 35
0 104 15 41
0 83 7 10
0 132 15 53
0 89 15 27
