128 15
129 4 15
130 11
131 11 12
133 15
134 11 12
135 3 2 1 4
136 15
137 15
138 6 15
139 15
140 7 15
81 15
83 15
85 15
87 12 15
88 11
89 15
90 12
92 11 15
93 15
94 15
95 15
96 15
97 15
101 15
102 11 15
103 15
106 15
107 7 11 15
108 15
111 4 15
112 13
113 12 15
114 12 15
115 15
116 11
118 12 15
122 11 15
123 15
124 15
125 15
126 15
127 11 15
0 127 11 22
0 138 15 53
0 131 12 22
0 137 15 12
0 131 11 40
0 140 7 10
0 135 3 10
0 97 15 35
0 102 11 50
0 124 15 35
0 134 12 49
0 122 15 19
0 89 15 46
0 90 12 38
0 123 15 11
0 102 15 38
0 87 12 19
0 108 15 21
0 88 11 18
0 129 15 21
0 140 15 44
0 113 15 22
0 85 15 10
0 94 15 47
0 136 15 41
0 129 4 30
0 118 12 10
0 127 15 10
0 96 15 46
0 114 15 10
0 95 15 10
0 107 15 10
0 106 15 13
0 111 15 21
0 126 15 10
0 87 15 35
0 122 11 48
0 133 15 46
0 112 13 21
0 134 11 30
0 92 15 10
0 107 11 32
0 128 15 31
0 138 6 28
0 81 15 15
0 116 11 19
0 125 15 11
0 130 11 55
0 93 15 41
0 118 15 37
0 135 4 31
0 101 15 36
0 107 7 10
0 115 15 28
0 92 11 55
0 103 15 26
0 113 12 10
0 111 4 10
0 83 15 23
0 139 15 10
0 114 12 36
