128 13 15
129 15
130 15
131 4 15
132 15
133 4
134 15
135 9 8 15
136 11
137 12 15
138 15
139 9 8 15
140 7 15
81 12
83 15
85 15
86 15
87 13
88 15
89 15
90 12 15
92 15
96 3 2 1 12 15
97 7
98 15
101 12 15
102 4 15
103 7 15
104 15
105 11 15
106 15
107 15
108 15
109 15
110 15
111 7 15
112 15
113 12 15
114 12
116 15
117 15
118 15
120 4 15
121 15
123 15
124 15
126 15
0 96 12 10
0 86 15 10
0 116 15 50
0 97 7 19
0 133 4 20
0 105 15 33
0 129 15 31
0 134 15 39
0 102 15 36
0 120 15 34
0 120 4 19
0 135 9 24
0 89 15 46
0 90 12 10
0 108 15 10
0 137 15 10
0 101 12 49
0 106 15 14
0 111 7 10
0 121 15 30
0 96 3 51
0 107 15 26
0 131 15 10
0 140 15 47
0 130 15 42
0 101 15 10
0 105 11 10
0 137 12 33
0 85 15 10
0 138 15 47
0 139 9 10
0 139 15 49
0 96 15 42
0 135 15 47
0 103 7 16
0 114 12 51
0 136 11 29
0 111 15 10
0 117 15 47
0 131 4 32
0 132 15 30
0 128 15 18
0 81 12 46
0 123 15 42
0 88 15 53
0 87 13 43
0 113 15 53
0 103 15 30
0 92 15 27
0 128 13 21
0 126 15 10
0 109 15 35
0 112 15 27
0 124 15 34
0 104 15 38
0 118 15 41
0 113 12 50
0 102 4 52
0 110 15 15
0 83 15 36
0 90 15 29
0 98 15 12
0 140 7 10
